variant	autophagosomes	arposomes	colocalization	col_aut
NAA	0.498035498974296	1.99214199589718	0	0
NAA	3.48624849282007	1.99214199589718	0	0
NAA	3.48624849282007	3.98428399179437	0.498035498974296	0.142857142857143
NAA	4.48231949076866	1.99214199589718	0	0
NAA	1.99214199589718	1.49410649692289	0.498035498974296	0.25
NAA	2.49017749487148	2.49017749487148	0.498035498974296	0.2
NAA	2.98821299384578	0.498035498974296	0	0
NAA	6.47446148666585	3.98428399179437	0.498035498974296	0.0769230769230769
NAA	5.97642598769155	1.99214199589718	0	0
NAA	2.98821299384578	0.996070997948592	0	0
NAA	5.47839048871726	2.49017749487148	0	0
NAA	9.46267448051162	3.48624849282007	0	0
NAA	7.47053248461444	2.49017749487148	0	0
NAA	3.98428399179437	1.49410649692289	0	0
NAA	1.49410649692289	1.99214199589718	0	0
NAA	1.49410649692289	0.996070997948592	0	0
NAA	1.49410649692289	1.49410649692289	0	0
NAA	0.498035498974296	1.49410649692289	0	0
NAA	0.996070997948592	0.498035498974296	0	0
NAA	0.996070997948592	1.49410649692289	0	0
NAA	1.99214199589718	0.498035498974296	0	0
NAA	2.98821299384578	0.498035498974296	0	0
NAA	1.49410649692289	2.49017749487148	0	0
NAA	1.49410649692289	0.996070997948592	0	0
NAA	2.49017749487148	2.98821299384578	0	0
NAA	3.48624849282007	1.49410649692289	0	0
NAA	3.48624849282007	1.99214199589718	0.498035498974296	0.142857142857143
NAA	5.47839048871726	2.49017749487148	0.498035498974296	0.0909090909090908
NAA	5.47839048871726	2.98821299384578	0.498035498974296	0.0909090909090908
NAA	1.49410649692289	2.49017749487148	0	0
NAA	1.99214199589718	2.49017749487148	0	0
NAA	2.98821299384578	2.98821299384578	0.996070997948592	0.333333333333333
NAA	0.498035498974296	1.49410649692289	0.498035498974296	1
NAA	0.996070997948592	0.498035498974296	0.498035498974296	0.5
NAA	1.49410649692289	0.996070997948592	0	0
NAA	1.49410649692289	0.498035498974296	0	0
NAA	0.996070997948592	1.49410649692289	0	0
NAA	0.996070997948592	1.49410649692289	0	0
NAA	1.49410649692289	1.99214199589718	0.996070997948592	0.666666666666666
NAA	0.996070997948592	1.99214199589718	0	0
NAA	0.996070997948592	2.49017749487148	0	0
NAA	1.99214199589718	2.98821299384578	0	0
NAA	3.48624849282007	2.98821299384578	0	0
NAA	2.49017749487148	2.49017749487148	0	0
NAA	2.49017749487148	1.49410649692289	0	0
NAA	2.49017749487148	0.996070997948592	0	0
NAA	2.49017749487148	1.49410649692289	0	0
NAA	2.98821299384578	1.99214199589718	0	0
NAA	0.996070997948592	0.996070997948592	0	0
NAA	2.49017749487148	1.99214199589718	0	0
NAA	2.98821299384578	4.48231949076866	0	0
NAA	4.48231949076866	2.49017749487148	0	0
NAA	5.47839048871726	1.99214199589718	0	0
NAA	2.98821299384578	0.498035498974296	0	0
NAA	2.98821299384578	0.498035498974296	0	0
NAA	4.98035498974296	0.498035498974296	0	0
NAA	3.98428399179437	1.49410649692289	0	0
NAA	7.47053248461444	2.98821299384578	0	0
NAA	8.46660348256303	1.99214199589718	0	0
NAA	5.97642598769155	2.49017749487148	0.498035498974296	0.0833333333333334
NAA	4.48231949076866	1.49410649692289	0.996070997948592	0.222222222222222
NAA	6.97249698564015	2.98821299384578	0.498035498974296	0.0714285714285714
NAA	8.96463898153733	3.98428399179437	0.996070997948592	0.111111111111111
NAA	8.96463898153733	4.98035498974296	1.49410649692289	0.166666666666667
NAA	7.96856798358874	6.97249698564015	0.498035498974296	0.0625
NAA	7.96856798358874	5.97642598769155	0.498035498974296	0.0625
NAA	6.47446148666585	6.47446148666585	1.49410649692289	0.230769230769231
NAA	5.97642598769155	4.48231949076866	0.498035498974296	0.0833333333333334
NAA	4.98035498974296	3.98428399179437	0.996070997948592	0.2
NAA	1.99214199589718	0.996070997948592	0	0
NAA	1.49410649692289	0.498035498974296	0	0
NAA	0.996070997948592	0.996070997948592	0	0
NAA	0.996070997948592	0.996070997948592	0.498035498974296	0.5
NAA	2.98821299384578	1.99214199589718	1.49410649692289	0.5
NAA	1.99214199589718	3.48624849282007	0.498035498974296	0.25
NAA	0.498035498974296	0.498035498974296	0.498035498974296	1
NAA	0.498035498974296	1.99214199589718	0.498035498974296	1
NAA	0.498035498974296	0.498035498974296	0	0
NAA	1.49410649692289	0.498035498974296	0.498035498974296	0.333333333333333
NAA	1.49410649692289	0.996070997948592	0.498035498974296	0.333333333333333
NAA	9.96070997948592	1.99214199589718	1.49410649692289	0.15
NAA	1.49410649692289	0.996070997948592	0	0
NAA	2.98821299384578	0.996070997948592	0.498035498974296	0.166666666666666
NAA	4.48231949076866	4.48231949076866	0	0
NAA	4.98035498974296	3.48624849282007	0.498035498974296	0.1
NAA	1.49410649692289	1.99214199589718	0	0
NAA	1.49410649692289	0.996070997948592	0	0
NAA	1.49410649692289	0.996070997948592	0	0
NAA	1.49410649692289	0.996070997948592	0	0
NAA	3.98428399179437	1.99214199589718	0	0
NAA	4.48231949076866	3.98428399179437	0.996070997948592	0.222222222222222
NAA	2.49017749487148	2.49017749487148	0.498035498974296	0.2
NAA	3.48624849282007	3.48624849282007	1.49410649692289	0.428571428571429
NAA	1.49410649692289	0.498035498974296	0	0
NAA	2.49017749487148	2.98821299384578	0	0
NAA	3.98428399179437	1.99214199589718	0	0
NAA	2.49017749487148	0.996070997948592	0	0
NAA	3.48624849282007	1.49410649692289	0	0
NAA	0.996070997948592	0.996070997948592	0	0
NAA	3.48624849282007	4.98035498974296	0	0
NAA	4.98035498974296	2.49017749487148	0	0
NAA	9.96070997948592	2.98821299384578	0	0
NAA	6.47446148666585	0.996070997948592	0	0
NAA	6.47446148666585	1.99214199589718	0.498035498974296	0.0769230769230769
NAA	8.96463898153733	0.996070997948592	0	0
NAA	4.98035498974296	1.49410649692289	0	0
NAA	4.98035498974296	0.996070997948592	0	0
NAA	8.46660348256303	2.98821299384578	0	0
NAA	7.96856798358874	2.98821299384578	0.498035498974296	0.0625
NAA	10.9567809774345	4.48231949076866	0.498035498974296	0.0454545454545455
NAA	10.4587454784602	6.97249698564015	1.49410649692289	0.142857142857143
NAA	6.97249698564015	3.98428399179437	0.498035498974296	0.0714285714285714
NAA	7.47053248461444	6.47446148666585	0	0
NAA	9.96070997948592	4.98035498974296	0.996070997948592	0.1
NAA	2.98821299384578	5.97642598769155	0	0
NAA	1.99214199589718	6.97249698564015	0.498035498974296	0.25
ctrl	0.498035498974296	0.498035498974296	0	0
ctrl	0.996070997948592	0.498035498974296	0	0
ctrl	2.98821299384578	1.99214199589718	0.498035498974296	0.166666666666666
ctrl	2.98821299384578	0.498035498974296	0	0
ctrl	1.49410649692289	0.498035498974296	0	0
ctrl	1.49410649692289	0.498035498974296	0	0
ctrl	4.98035498974296	1.99214199589718	0	0
ctrl	3.48624849282007	0.996070997948592	0	0
ctrl	1.49410649692289	2.49017749487148	0	0
ctrl	1.99214199589718	0.996070997948592	0	0
ctrl	1.99214199589718	0.996070997948592	0	0
ctrl	1.99214199589718	0.996070997948592	0	0
ctrl	2.49017749487148	1.49410649692289	0	0
ctrl	3.98428399179437	4.48231949076866	0	0
ctrl	2.98821299384578	6.47446148666585	0.498035498974296	0.166666666666666
ctrl	2.98821299384578	2.98821299384578	0.498035498974296	0.166666666666666
ctrl	1.99214199589718	3.48624849282007	0	0
ctrl	1.49410649692289	4.48231949076866	0	0
ctrl	1.49410649692289	2.49017749487148	0	0
ctrl	1.49410649692289	3.48624849282007	0.996070997948592	0.666666666666666
ctrl	3.48624849282007	6.47446148666585	0.996070997948592	0.285714285714286
ctrl	4.98035498974296	8.46660348256303	0.498035498974296	0.1
ctrl	5.47839048871726	8.96463898153733	0.498035498974296	0.0909090909090908
ctrl	0.996070997948592	0.498035498974296	0.498035498974296	0.5
ctrl	0.498035498974296	1.49410649692289	0	0
ctrl	0.498035498974296	1.49410649692289	0.498035498974296	1
ctrl	0.498035498974296	1.49410649692289	0	0
ctrl	0.498035498974296	2.49017749487148	0	0
ctrl	0.996070997948592	2.98821299384578	0	0
ctrl	1.49410649692289	2.98821299384578	0	0
ctrl	1.49410649692289	4.48231949076866	0	0
ctrl	1.99214199589718	3.98428399179437	0	0
ctrl	1.99214199589718	5.47839048871726	0.498035498974296	0.25
ctrl	0.498035498974296	1.99214199589718	0.498035498974296	1
ctrl	0.498035498974296	2.49017749487148	0	0
ctrl	0.996070997948592	1.99214199589718	0	0
ctrl	1.49410649692289	2.98821299384578	0	0
ctrl	1.99214199589718	3.98428399179437	0	0
ctrl	0.996070997948592	3.48624849282007	0	0
ctrl	1.99214199589718	3.98428399179437	0.498035498974296	0.25
ctrl	0.996070997948592	1.99214199589718	0	0
ctrl	0.498035498974296	1.49410649692289	0.498035498974296	1
ctrl	0.996070997948592	1.99214199589718	0.498035498974296	0.5
ctrl	0.996070997948592	3.98428399179437	0	0
ctrl	2.98821299384578	3.48624849282007	0	0
ctrl	1.99214199589718	2.49017749487148	0	0
ctrl	1.99214199589718	4.98035498974296	0.498035498974296	0.25
ctrl	1.99214199589718	2.49017749487148	0	0
ctrl	0.498035498974296	2.49017749487148	0	0
ctrl	1.49410649692289	1.49410649692289	0	0
ctrl	0.996070997948592	2.49017749487148	0	0
ctrl	1.49410649692289	2.49017749487148	0	0
ctrl	0.996070997948592	0.498035498974296	0	0
ctrl	1.49410649692289	4.48231949076866	0	0
ctrl	0.996070997948592	3.98428399179437	0	0
ctrl	1.49410649692289	3.48624849282007	0	0
ctrl	1.49410649692289	5.97642598769155	0	0
ctrl	0.996070997948592	1.99214199589718	0	0
ctrl	1.99214199589718	1.99214199589718	0	0
ctrl	2.49017749487148	2.98821299384578	0	0
ctrl	1.99214199589718	2.98821299384578	0	0
ctrl	2.98821299384578	1.49410649692289	0	0
ctrl	1.49410649692289	2.49017749487148	0	0
ctrl	3.48624849282007	3.98428399179437	0	0
ctrl	2.98821299384578	2.49017749487148	0	0
ctrl	1.99214199589718	4.48231949076866	0	0
ctrl	3.98428399179437	3.98428399179437	0	0
ctrl	4.48231949076866	1.49410649692289	0	0
ctrl	3.98428399179437	3.48624849282007	0	0
ctrl	3.48624849282007	3.48624849282007	0	0
ctrl	2.49017749487148	3.98428399179437	0	0
ctrl	3.48624849282007	4.98035498974296	0	0
ctrl	2.49017749487148	1.49410649692289	0	0
ctrl	13.9449939712803	33.3683784312778	0	0
ctrl	8.46660348256303	21.913561954869	0	0
ctrl	5.47839048871726	13.446958472306	0	0
ctrl	5.97642598769155	13.9449939712803	0	0
ctrl	3.98428399179437	13.446958472306	0.498035498974296	0.125
ctrl	6.97249698564015	24.4037394497405	0.498035498974296	0.0714285714285714
ctrl	8.96463898153733	23.9057039507662	0	0
ctrl	6.97249698564015	15.9371359671775	0.498035498974296	0.0714285714285714
ctrl	1.99214199589718	10.4587454784602	0	0
ctrl	0.996070997948592	3.98428399179437	0	0
ctrl	1.99214199589718	8.46660348256303	0	0
ctrl	0.996070997948592	0.996070997948592	0	0
ctrl	2.98821299384578	4.98035498974296	0	0
ctrl	5.47839048871726	7.47053248461444	0	0
ctrl	4.48231949076866	3.98428399179437	0	0
ctrl	3.48624849282007	6.97249698564015	0	0
ctrl	2.98821299384578	7.47053248461444	0	0
ctrl	3.98428399179437	4.98035498974296	0	0
ctrl	1.49410649692289	3.98428399179437	0	0
ctrl	3.48624849282007	2.98821299384578	0	0
ctrl	1.49410649692289	5.47839048871726	0	0
ctrl	2.98821299384578	3.48624849282007	0	0
ctrl	1.99214199589718	3.98428399179437	0	0
ctrl	2.49017749487148	3.98428399179437	0.498035498974296	0.2
ctrl	0.498035498974296	1.99214199589718	0.498035498974296	1
ctrl	0.498035498974296	2.49017749487148	0	0
ctrl	1.49410649692289	3.98428399179437	0	0
ctrl	1.49410649692289	4.98035498974296	0.498035498974296	0.333333333333333
ctrl	0.498035498974296	2.49017749487148	0	0
ctrl	0.996070997948592	1.99214199589718	0.498035498974296	0.5
ctrl	0.996070997948592	3.98428399179437	0.996070997948592	1
ctrl	0.498035498974296	2.49017749487148	0	0
ctrl	1.49410649692289	2.98821299384578	0	0
ctrl	0.996070997948592	2.49017749487148	0	0
ctrl	1.99214199589718	5.97642598769155	0	0
ctrl	1.49410649692289	4.98035498974296	0	0
ctrl	1.99214199589718	4.98035498974296	0	0
ctrl	1.49410649692289	5.47839048871726	0	0
ctrl	2.98821299384578	6.47446148666585	0	0
ctrl	0.996070997948592	1.49410649692289	0	0
ctrl	1.99214199589718	1.99214199589718	0	0
ctrl	2.49017749487148	2.98821299384578	0	0
ctrl	3.48624849282007	5.47839048871726	0	0
ctrl	4.98035498974296	3.48624849282007	0	0
ctrl	1.99214199589718	5.47839048871726	0.498035498974296	0.25
ctrl	3.48624849282007	4.98035498974296	0	0
ctrl	2.98821299384578	3.98428399179437	0.498035498974296	0.166666666666666
ctrl	3.98428399179437	5.47839048871726	0	0
ctrl	3.98428399179437	5.97642598769155	0	0
ctrl	3.48624849282007	3.98428399179437	0.498035498974296	0.142857142857143
ctrl	4.98035498974296	7.47053248461444	0.996070997948592	0.2
ctrl	5.47839048871726	11.4548164764088	0.996070997948592	0.181818181818182
ctrl	3.98428399179437	7.47053248461444	0.996070997948592	0.25
ctrl	1.99214199589718	3.98428399179437	0	0

