variant	autophagosomes	arposomes	colocalization	width	col_aut
ctrl	3.965893317	13.8806266111442	0	123	0
ctrl	3.96589331746976	33.710093198493	0.660982219578293	123	0.166666666666667
ctrl	7.27080441536123	17.8465199286139	0.660982219578293	123	0.0909090909090908
ctrl	10.5757155132527	42.9638442725891	1.98294665873488	123	0.1875
ctrl	5.28785775662635	21.8124132460837	0.660982219578293	123	0.125
ctrl	6.60982219578293	22.473395465662	1.32196443915659	123	0.200000000000001
ctrl	9.9147332936744	13.8806266111442	0.660982219578293	123	0.0666666666666666
ctrl	1.32196443915659	18.5075021481922	0	123	0
ctrl	6.60982219578293	5.28785775662635	0.660982219578293	123	0.1
ctrl	1.98294665873488	9.25375107409611	0	123	0
ctrl	8.59276885451781	5.94883997620464	0.660982219578293	123	0.0769230769230769
ctrl	3.30491109789147	30.4051821006015	0	123	0
ctrl	33.0491109789147	28.4222354418666	0.660982219578293	123	0.02
ctrl	4.62687553704805	11.8976799524093	0.660982219578293	123	0.142857142857143
ctrl	2.64392887831317	19.8294665873488	0	123	0
ctrl	2.64392887831317	10.5757155132527	0.660982219578293	123	0.25
ctrl	3.96589331746976	21.8124132460837	0	123	0
ctrl	2.64392887831317	9.9147332936744	0	123	0
ctrl	33.710093198493	6.60982219578293	1.32196443915659	123	0.0392156862745098
ctrl	7.08884688090737	27.1739130434783	0	92	0
ctrl	7.08884688090737	25.992438563327	0	92	0
ctrl	5.90737240075614	20.0850661625709	0	92	0
ctrl	10.6332703213611	21.2665406427221	0	92	0
ctrl	2.36294896030246	22.4480151228733	0	92	0
ctrl	9.45179584120983	3.54442344045369	0	92	0
ctrl	3.54442344045369	2.36294896030246	0	92	0
ctrl	9.45179584120983	3.54442344045369	0	92	0
ctrl	15.359168241966	16.5406427221172	0	92	0
ctrl	9.45179584120983	21.2665406427221	0	92	0
3-MA	3.96589331746976	39.6589331746976	0	123	0
3-MA	12.5586621719876	26.4392887831317	1.98294665873488	123	0.157894736842105
3-MA	12.5586621719876	31.7271465397581	0	123	0
3-MA	11.8976799524093	15.863573269879	0	123	0
3-MA	13.2196443915659	57.5054531033115	0.660982219578293	123	0.0499999999999998
3-MA	23.7953599048186	26.4392887831317	0.660982219578293	123	0.0277777777777777
3-MA	21.8124132460837	23.1343776852403	1.98294665873488	123	0.0909090909090908
3-MA	23.7953599048186	102.452244034635	3.96589331746976	123	0.166666666666666
3-MA	25.1173243439751	74.6909908123472	5.28785775662635	123	0.210526315789474
3-MA	16.5245554894573	59.4883997620464	1.98294665873488	123	0.12
3-MA	8.59276885451781	29.0832176614449	0.660982219578293	123	0.0769230769230769
3-MA	13.8806266111442	17.1855377090356	0.660982219578293	123	0.0476190476190475
3-MA	11.8976799524093	11.8976799524093	0	123	0
3-MA	8.59276885451781	31.0661643201798	0.660982219578293	123	0.0769230769230769
3-MA	10.5757155132527	131.53546169608	4.62687553704805	123	0.437499999999999
3-MA	8.59276885451781	72.7080441536123	0.660982219578293	123	0.0769230769230769
3-MA	11.8976799524093	113.688941767466	1.98294665873488	123	0.166666666666666
3-MA	9.25375107409611	58.1664353228898	2.64392887831317	123	0.285714285714285
3-MA	13.2196443915659	57.5054531033115	2.64392887831317	123	0.199999999999999
3-MA	8.59276885451781	48.2517020292154	0.660982219578293	123	0.0769230769230769
3-MA	13.2196443915659	41.6418798334325	5.28785775662635	123	0.399999999999999
3-MA	17.7221172022684	48.4404536862004	1.18147448015123	92	0.0666666666666669
3-MA	18.9035916824197	22.4480151228733	1.18147448015123	92	0.0624999999999999
3-MA	12.9962192816635	31.8998109640832	3.54442344045369	92	0.272727272727273
3-MA	11.8147448015123	54.3478260869565	2.36294896030246	92	0.2
3-MA	7.08884688090737	46.0775047258979	0	92	0
3-MA	14.1776937618147	29.5368620037807	2.36294896030246	92	0.166666666666667
3-MA	9.45179584120983	23.6294896030246	0	92	0
3-MA	5.90737240075614	15.359168241966	1.18147448015123	92	0.2
3-MA	7.08884688090737	17.7221172022684	0	92	0
3-MA	7.08884688090737	57.8922495274102	0	92	0
3-MA	8.2703213610586	24.8109640831758	0	92	0

